0 0.6620967741935484 0.3403225806451613 0.1693548387096774 0.34516129032258064
0 0.317741935483871 0.23548387096774193 0.16774193548387098 0.3419354838709677
0 0.6258064516129033 0.44516129032258067 0.16774193548387098 0.3419354838709677
0 0.5693548387096774 0.23387096774193547 0.16774193548387098 0.3387096774193548
0 0.8435483870967742 0.6612903225806451 0.16774193548387098 0.3419354838709677
0 0.6137096774193549 0.6580645161290323 0.1693548387096774 0.3419354838709677
0 0.8564516129032258 0.44516129032258067 0.17096774193548386 0.3419354838709677
0 0.6379032258064516 0.4467741935483871 0.1693548387096774 0.34516129032258064
0 0.4080645161290323 0.5532258064516129 0.17096774193548386 0.34516129032258064
0 0.35 0.55 0.17096774193548386 0.3387096774193548
0 0.5806451612903226 0.3403225806451613 0.17096774193548386 0.3387096774193548
0 0.6024193548387097 0.6580645161290323 0.1693548387096774 0.3419354838709677
0 0.3870967741935484 0.55 0.17096774193548386 0.3387096774193548
0 0.32661290322580644 0.6580645161290323 0.16612903225806452 0.33548387096774196
0 0.7532258064516129 0.7629032258064516 0.17096774193548386 0.3387096774193548
0 0.8572580645161291 0.23548387096774193 0.17258064516129032 0.3419354838709677
0 0.8201612903225807 0.7661290322580645 0.1693548387096774 0.3387096774193548
0 0.36451612903225805 0.3403225806451613 0.17096774193548386 0.3387096774193548
0 0.625 0.6612903225806451 0.16612903225806452 0.3419354838709677
0 0.7620967741935484 0.6596774193548387 0.1693548387096774 0.34516129032258064
0 0.5919354838709677 0.4467741935483871 0.17096774193548386 0.34516129032258064
0 0.7741935483870968 0.7645161290322581 0.17096774193548386 0.33548387096774196
0 0.7766129032258065 0.3403225806451613 0.1693548387096774 0.33225806451612905
0 0.5451612903225806 0.3387096774193548 0.16451612903225807 0.3419354838709677
0 0.8572580645161291 0.4467741935483871 0.17258064516129032 0.3387096774193548
0 0.4088709677419355 0.6580645161290323 0.16612903225806452 0.33548387096774196
0 0.6395161290322581 0.3387096774193548 0.1693548387096774 0.33548387096774196
0 0.31451612903225806 0.7661290322580645 0.16774193548387098 0.34516129032258064
0 0.6935483870967742 0.5548387096774193 0.16774193548387098 0.3419354838709677
0 0.42096774193548386 0.7612903225806451 0.16774193548387098 0.3419354838709677
0 0.4661290322580645 0.6596774193548387 0.16774193548387098 0.3387096774193548
0 0.45403225806451614 0.23387096774193547 0.1693548387096774 0.3387096774193548
0 0.39919354838709675 0.5548387096774193 0.16612903225806452 0.3419354838709677
0 0.8443548387096774 0.7645161290322581 0.1693548387096774 0.33548387096774196
0 0.42096774193548386 0.5516129032258065 0.16774193548387098 0.33548387096774196
0 0.8685483870967742 0.6612903225806451 0.1693548387096774 0.3419354838709677
0 0.6620967741935484 0.23387096774193547 0.1693548387096774 0.34516129032258064
0 0.6387096774193548 0.3403225806451613 0.16774193548387098 0.3387096774193548
0 0.3620967741935484 0.5516129032258065 0.16612903225806452 0.33548387096774196
0 0.5814516129032258 0.7645161290322581 0.1693548387096774 0.3419354838709677
0 0.6153225806451613 0.23387096774193547 0.1693548387096774 0.3387096774193548
0 0.4782258064516129 0.5516129032258065 0.1693548387096774 0.33548387096774196
0 0.39838709677419354 0.3403225806451613 0.17096774193548386 0.3387096774193548
0 0.45403225806451614 0.6612903225806451 0.1693548387096774 0.33548387096774196
0 0.35161290322580646 0.2306451612903226 0.17096774193548386 0.33225806451612905
0 0.4532258064516129 0.6580645161290323 0.16774193548387098 0.33548387096774196
0 0.36370967741935484 0.23548387096774193 0.1693548387096774 0.3419354838709677
0 0.5919354838709677 0.44516129032258067 0.16774193548387098 0.3419354838709677
0 0.4217741935483871 0.6580645161290323 0.1693548387096774 0.33548387096774196
0 0.5008064516129033 0.23548387096774193 0.16612903225806452 0.3419354838709677
0 0.3282258064516129 0.7645161290322581 0.1693548387096774 0.3419354838709677
0 0.32741935483870965 0.55 0.16774193548387098 0.3387096774193548
0 0.867741935483871 0.23387096774193547 0.17096774193548386 0.3387096774193548
0 0.3741935483870968 0.6564516129032258 0.16774193548387098 0.3387096774193548
0 0.5233870967741936 0.23548387096774193 0.16612903225806452 0.33548387096774196
0 0.3629032258064516 0.6564516129032258 0.17096774193548386 0.3387096774193548
0 0.5806451612903226 0.5516129032258065 0.17096774193548386 0.3419354838709677
0 0.5120967741935484 0.23225806451612904 0.1693548387096774 0.3419354838709677
0 0.45483870967741935 0.6596774193548387 0.16774193548387098 0.34516129032258064
0 0.6717741935483871 0.23387096774193547 0.1693548387096774 0.3387096774193548
0 0.6274193548387097 0.5532258064516129 0.16774193548387098 0.3387096774193548
0 0.7895161290322581 0.55 0.1693548387096774 0.3387096774193548
0 0.317741935483871 0.5532258064516129 0.16774193548387098 0.3387096774193548
0 0.3741935483870968 0.5564516129032258 0.16774193548387098 0.3387096774193548
0 0.6725806451612903 0.3419354838709677 0.16774193548387098 0.3419354838709677
0 0.8790322580645161 0.6580645161290323 0.17096774193548386 0.3419354838709677
0 0.8233870967741935 0.4435483870967742 0.17258064516129032 0.3387096774193548
0 0.6951612903225807 0.44516129032258067 0.16774193548387098 0.33548387096774196
0 0.5919354838709677 0.5516129032258065 0.17096774193548386 0.3419354838709677
0 0.45483870967741935 0.7629032258064516 0.16774193548387098 0.3387096774193548
0 0.742741935483871 0.3387096774193548 0.17258064516129032 0.3419354838709677
0 0.7193548387096774 0.3435483870967742 0.16774193548387098 0.3387096774193548
0 0.7661290322580645 0.3387096774193548 0.17096774193548386 0.3419354838709677
0 0.4790322580645161 0.7661290322580645 0.17096774193548386 0.3387096774193548
0 0.38548387096774195 0.44516129032258067 0.16774193548387098 0.33548387096774196
0 0.6016129032258064 0.3387096774193548 0.16774193548387098 0.3419354838709677
0 0.5233870967741936 0.7661290322580645 0.1693548387096774 0.3387096774193548
0 0.867741935483871 0.6596774193548387 0.17096774193548386 0.3387096774193548
0 0.5919354838709677 0.3370967741935484 0.17096774193548386 0.34516129032258064
0 0.7193548387096774 0.4467741935483871 0.16774193548387098 0.3387096774193548
0 0.35 0.45161290322580644 0.16774193548387098 0.34838709677419355
0 0.6951612903225807 0.7645161290322581 0.16774193548387098 0.33548387096774196
0 0.8443548387096774 0.4435483870967742 0.17258064516129032 0.34516129032258064
0 0.42016129032258065 0.3387096774193548 0.1693548387096774 0.3419354838709677
0 0.8 0.6580645161290323 0.16774193548387098 0.33548387096774196
0 0.7185483870967742 0.5532258064516129 0.1693548387096774 0.3387096774193548
0 0.7532258064516129 0.5532258064516129 0.17096774193548386 0.34516129032258064
0 0.5241935483870968 0.22903225806451613 0.17096774193548386 0.33548387096774196
0 0.6830645161290323 0.23387096774193547 0.1693548387096774 0.33225806451612905
0 0.5 0.4467741935483871 0.16774193548387098 0.3387096774193548
0 0.4217741935483871 0.7629032258064516 0.16612903225806452 0.33225806451612905
0 0.7056451612903226 0.6596774193548387 0.1693548387096774 0.34516129032258064
0 0.7274193548387097 0.23387096774193547 0.17096774193548386 0.3387096774193548
0 0.8088709677419355 0.23548387096774193 0.17258064516129032 0.3419354838709677
0 0.47580645161290325 0.7677419354838709 0.16774193548387098 0.3419354838709677
0 0.582258064516129 0.23548387096774193 0.16774193548387098 0.33548387096774196
0 0.432258064516129 0.34516129032258064 0.16774193548387098 0.3419354838709677
0 0.6387096774193548 0.4467741935483871 0.16451612903225807 0.3387096774193548
0 0.7419354838709677 0.3387096774193548 0.17096774193548386 0.3419354838709677
0 0.5467741935483871 0.7677419354838709 0.16774193548387098 0.33548387096774196
0 0.7532258064516129 0.3387096774193548 0.17096774193548386 0.3419354838709677
0 0.6733870967741935 0.23548387096774193 0.1693548387096774 0.33548387096774196
0 0.7524193548387097 0.23870967741935484 0.1693548387096774 0.34838709677419355
0 0.45403225806451614 0.7661290322580645 0.1693548387096774 0.34516129032258064
0 0.5233870967741936 0.6612903225806451 0.16612903225806452 0.3419354838709677
0 0.7983870967741935 0.7612903225806451 0.17096774193548386 0.3419354838709677
0 0.6475806451612903 0.5532258064516129 0.1693548387096774 0.3387096774193548
0 0.4064516129032258 0.7645161290322581 0.16774193548387098 0.3419354838709677
0 0.38467741935483873 0.3403225806451613 0.1693548387096774 0.34516129032258064
0 0.7766129032258065 0.5532258064516129 0.1693548387096774 0.34516129032258064
0 0.6266129032258064 0.7661290322580645 0.16612903225806452 0.3387096774193548
0 0.8790322580645161 0.6580645161290323 0.17096774193548386 0.33548387096774196
0 0.8564516129032258 0.5548387096774193 0.16774193548387098 0.33548387096774196
0 0.35080645161290325 0.23548387096774193 0.16612903225806452 0.33548387096774196
0 0.6846774193548387 0.23548387096774193 0.17258064516129032 0.3419354838709677
0 0.6798387096774193 0.33548387096774196 0.16612903225806452 0.3419354838709677
0 0.7983870967741935 0.44516129032258067 0.17096774193548386 0.3419354838709677
0 0.8201612903225807 0.4467741935483871 0.1693548387096774 0.3387096774193548
0 0.49032258064516127 0.4467741935483871 0.16774193548387098 0.3387096774193548
0 0.5008064516129033 0.23387096774193547 0.1693548387096774 0.34516129032258064
0 0.4306451612903226 0.23387096774193547 0.16451612903225807 0.3387096774193548
0 0.4774193548387097 0.3419354838709677 0.17096774193548386 0.33548387096774196
0 0.3153225806451613 0.6596774193548387 0.16612903225806452 0.34516129032258064
0 0.785483870967742 0.5532258064516129 0.17096774193548386 0.3387096774193548
0 0.8556451612903225 0.23387096774193547 0.1693548387096774 0.3387096774193548
0 0.717741935483871 0.7645161290322581 0.17096774193548386 0.3419354838709677
0 0.8233870967741935 0.6596774193548387 0.1693548387096774 0.3387096774193548
0 0.7774193548387097 0.7693548387096775 0.17096774193548386 0.3387096774193548
0 0.7290322580645161 0.23225806451612904 0.17096774193548386 0.3419354838709677
0 0.8806451612903226 0.44516129032258067 0.17096774193548386 0.3419354838709677
0 0.7169354838709677 0.4467741935483871 0.17258064516129032 0.34516129032258064
0 0.4870967741935484 0.4435483870967742 0.17096774193548386 0.34516129032258064
0 0.5669354838709677 0.3387096774193548 0.16612903225806452 0.3419354838709677
0 0.7532258064516129 0.7645161290322581 0.17096774193548386 0.3419354838709677
0 0.45645161290322583 0.6564516129032258 0.17096774193548386 0.3387096774193548
0 0.45403225806451614 0.4467741935483871 0.16612903225806452 0.3387096774193548
0 0.7419354838709677 0.3387096774193548 0.17419354838709677 0.3419354838709677
0 0.7524193548387097 0.6564516129032258 0.1693548387096774 0.3387096774193548
0 0.8096774193548387 0.7645161290322581 0.17096774193548386 0.33548387096774196
0 0.8233870967741935 0.7661290322580645 0.1693548387096774 0.3387096774193548
0 0.5919354838709677 0.7645161290322581 0.17096774193548386 0.33548387096774196
0 0.47661290322580646 0.4435483870967742 0.17258064516129032 0.34516129032258064
0 0.3411290322580645 0.23387096774193547 0.1693548387096774 0.3387096774193548
0 0.6483870967741936 0.3419354838709677 0.16451612903225807 0.33548387096774196
0 0.6129032258064516 0.3387096774193548 0.17096774193548386 0.3419354838709677
0 0.6362903225806451 0.5516129032258065 0.1693548387096774 0.3419354838709677
0 0.5241935483870968 0.7661290322580645 0.16774193548387098 0.3387096774193548
